{
 "cells": [
  {
   "cell_type": "markdown",
   "metadata": {},
   "source": [
    "# Exercise 3: Numpy"
   ]
  },
  {
   "cell_type": "markdown",
   "metadata": {},
   "source": [
    "Perform the follwing tasks:\n"
   ]
  },
  {
   "cell_type": "code",
   "execution_count": 27,
   "metadata": {},
   "outputs": [],
   "source": [
    "#3.1: import the numpy library\n",
    "import numpy as np"
   ]
  },
  {
   "cell_type": "code",
   "execution_count": 34,
   "metadata": {},
   "outputs": [
    {
     "data": {
      "text/plain": [
       "array([[0.07081915, 0.74227859, 0.81921823, 0.21958727, 0.59478534,\n",
       "        0.92701833, 0.65033592, 0.32208577, 0.8473236 , 0.05234842],\n",
       "       [0.09399495, 0.36411004, 0.1985635 , 0.03439649, 0.42560178,\n",
       "        0.68347912, 0.44894713, 0.36168629, 0.33922183, 0.45772353],\n",
       "       [0.99020186, 0.19644402, 0.09855599, 0.19239616, 0.77895965,\n",
       "        0.25421533, 0.71949458, 0.74980023, 0.92002425, 0.37690898],\n",
       "       [0.82463229, 0.76358739, 0.14337831, 0.68005284, 0.44852259,\n",
       "        0.86881922, 0.66615285, 0.9825974 , 0.93647529, 0.8537699 ],\n",
       "       [0.97290997, 0.75501686, 0.07603892, 0.83332575, 0.34918902,\n",
       "        0.73429712, 0.76464713, 0.43952209, 0.74423982, 0.44297429],\n",
       "       [0.61627729, 0.02810618, 0.11209539, 0.12591966, 0.06903099,\n",
       "        0.22926783, 0.54504553, 0.82976396, 0.46819544, 0.53220017],\n",
       "       [0.60530271, 0.02473092, 0.50933681, 0.60093382, 0.79879044,\n",
       "        0.8150238 , 0.50031422, 0.39596528, 0.55777164, 0.06486989],\n",
       "       [0.24168418, 0.11702078, 0.6059596 , 0.27109242, 0.14558584,\n",
       "        0.19313802, 0.29582069, 0.18266326, 0.32188244, 0.53707208],\n",
       "       [0.63568748, 0.03632705, 0.88280378, 0.7179434 , 0.93445491,\n",
       "        0.42632734, 0.02950003, 0.26102916, 0.6791635 , 0.37101881],\n",
       "       [0.29750622, 0.68591222, 0.7278943 , 0.52404856, 0.61748367,\n",
       "        0.30099708, 0.16569345, 0.70052454, 0.87772928, 0.44059236]])"
      ]
     },
     "execution_count": 34,
     "metadata": {},
     "output_type": "execute_result"
    }
   ],
   "source": [
    "##3.2: create a random 10x10 array named A\n",
    "\n",
    "A = np.random.rand(10,10)\n",
    "A"
   ]
  },
  {
   "cell_type": "code",
   "execution_count": 29,
   "metadata": {},
   "outputs": [
    {
     "data": {
      "text/plain": [
       "array([[2.75519587e-01, 2.10156482e-01, 4.80739353e-01, 7.18883364e-01,\n",
       "        8.05556973e-01],\n",
       "       [4.19824946e-01, 8.55634610e-01, 1.45493184e-01, 7.44012417e-01,\n",
       "        8.33735208e-01],\n",
       "       [5.31673499e-01, 4.37297090e-01, 8.24164240e-01, 1.38414122e-02,\n",
       "        7.31572462e-01],\n",
       "       [1.92915164e-01, 3.10719737e-02, 2.47480530e-01, 7.21115775e-01,\n",
       "        2.42012505e-01],\n",
       "       [4.37755708e-01, 7.67529363e-01, 8.65001745e-01, 2.83683135e-01,\n",
       "        7.86210368e-01],\n",
       "       [8.89415358e-01, 4.46171697e-01, 6.81863667e-01, 7.99593202e-01,\n",
       "        4.51150240e-01],\n",
       "       [7.60586005e-01, 4.71487380e-01, 8.40684602e-01, 7.72667362e-01,\n",
       "        6.11516208e-01],\n",
       "       [7.09728225e-01, 5.83340281e-01, 6.56049293e-01, 7.74074476e-01,\n",
       "        8.77042912e-01],\n",
       "       [1.16159673e-04, 2.28950781e-01, 2.33875267e-01, 6.35403147e-01,\n",
       "        2.56851275e-01],\n",
       "       [2.90002004e-01, 4.24495095e-01, 3.59749568e-01, 4.02934810e-01,\n",
       "        1.33528629e-01]])"
      ]
     },
     "execution_count": 29,
     "metadata": {},
     "output_type": "execute_result"
    }
   ],
   "source": [
    "#3.3: return only the odd rows of A\n",
    "A[:,0::2]"
   ]
  },
  {
   "cell_type": "code",
   "execution_count": 30,
   "metadata": {},
   "outputs": [
    {
     "data": {
      "text/plain": [
       "array([[7.59110428e-02, 2.49190790e-01, 1.11734632e-01, 1.88251250e-01,\n",
       "        2.10446396e-01, 3.99725664e-01, 5.46772626e-01, 8.27139335e-02,\n",
       "        9.35732342e-05, 2.79886775e-01],\n",
       "       [2.49190790e-01, 5.34001196e-01, 7.60722758e-01, 3.47145873e-02,\n",
       "        8.86499778e-03, 2.22563708e-02, 2.04226551e-01, 2.99615749e-01,\n",
       "        7.82329087e-01, 9.40265761e-02],\n",
       "       [1.11734632e-01, 7.60722758e-01, 1.91228744e-01, 2.76623242e-02,\n",
       "        6.32570254e-01, 4.25772825e-02, 6.52605118e-03, 3.01795933e-02,\n",
       "        1.67494087e-01, 1.71309282e-01],\n",
       "       [1.88251250e-01, 3.47145873e-02, 2.76623242e-02, 4.63519720e-01,\n",
       "        1.28299557e-01, 2.18048108e-01, 6.37062023e-01, 6.40799423e-03,\n",
       "        1.87393777e-01, 3.69989326e-03],\n",
       "       [2.10446396e-01, 8.86499778e-03, 6.32570254e-01, 1.28299557e-01,\n",
       "        7.48228018e-01, 3.46305183e-01, 2.38488043e-01, 2.55549707e-01,\n",
       "        1.83875160e-01, 1.11909637e-01],\n",
       "       [3.99725664e-01, 2.22563708e-02, 4.25772825e-02, 2.18048108e-01,\n",
       "        3.46305183e-01, 4.85253215e-03, 3.15882008e-01, 5.55427934e-04,\n",
       "        2.85050593e-01, 8.08612095e-01],\n",
       "       [5.46772626e-01, 2.04226551e-01, 6.52605118e-03, 6.37062023e-01,\n",
       "        2.38488043e-01, 3.15882008e-01, 5.97014852e-01, 3.98461531e-01,\n",
       "        3.88559323e-01, 2.96587553e-01],\n",
       "       [8.27139335e-02, 2.99615749e-01, 3.01795933e-02, 6.40799423e-03,\n",
       "        2.55549707e-01, 5.55427934e-04, 3.98461531e-01, 1.37329756e-03,\n",
       "        5.83280614e-01, 3.28161799e-02],\n",
       "       [9.35732342e-05, 7.82329087e-01, 1.67494087e-01, 1.87393777e-01,\n",
       "        1.83875160e-01, 2.85050593e-01, 3.88559323e-01, 5.83280614e-01,\n",
       "        6.59725774e-02, 1.32344745e-01],\n",
       "       [2.79886775e-01, 9.40265761e-02, 1.71309282e-01, 3.69989326e-03,\n",
       "        1.11909637e-01, 8.08612095e-01, 2.96587553e-01, 3.28161799e-02,\n",
       "        1.32344745e-01, 1.89161593e-01]])"
      ]
     },
     "execution_count": 30,
     "metadata": {},
     "output_type": "execute_result"
    }
   ],
   "source": [
    "#3.4: perform a matrix multiplication of A with it's transposed\n",
    "res = np.multiply(A, A.transpose())\n",
    "res"
   ]
  },
  {
   "cell_type": "code",
   "execution_count": 31,
   "metadata": {},
   "outputs": [
    {
     "data": {
      "text/plain": [
       "array([[2.75519587e-01, 5.93558799e-01, 2.10156482e-01, 9.75824017e-01,\n",
       "        4.80739353e-01, 4.49425188e-01, 7.18883364e-01, 1.16543108e-01,\n",
       "        8.05556973e-01, 9.65120140e-01],\n",
       "       [4.19824946e-01, 7.30753854e-01, 8.55634610e-01, 7.35080604e-02,\n",
       "        1.45493184e-01, 2.03790938e-01, 7.44012417e-01, 5.46027170e-01,\n",
       "        8.33735208e-01, 9.88708369e-02],\n",
       "       [5.31673499e-01, 8.89074319e-01, 4.37297090e-01, 8.90266079e-01,\n",
       "        8.24164240e-01, 9.54280218e-02, 1.38414122e-02, 5.17358295e-02,\n",
       "        7.31572462e-01, 4.03560099e-01],\n",
       "       [1.92915164e-01, 4.72255520e-01, 3.10719737e-02, 6.80822826e-01,\n",
       "        2.47480530e-01, 5.17604297e-01, 7.21115775e-01, 8.25006376e-02,\n",
       "        2.42012505e-01, 1.84040643e-02],\n",
       "       [4.37755708e-01, 6.09306740e-02, 7.67529363e-01, 5.18422833e-01,\n",
       "        8.65001745e-01, 5.07880386e-01, 2.83683135e-01, 3.89528211e-01,\n",
       "        7.86210368e-01, 3.11076501e-01],\n",
       "       [8.89415358e-01, 1.09211778e-01, 4.46171697e-01, 4.21264100e-01,\n",
       "        6.81863667e-01, 6.96601188e-02, 7.99593202e-01, 2.44914854e-03,\n",
       "        4.51150240e-01, 8.59516253e-01],\n",
       "       [7.60586005e-01, 2.74493471e-01, 4.71487380e-01, 8.83439310e-01,\n",
       "        8.40684602e-01, 3.95053394e-01, 7.72667362e-01, 5.14758648e-01,\n",
       "        6.11516208e-01, 7.36068331e-01],\n",
       "       [7.09728225e-01, 5.48719487e-01, 5.83340281e-01, 7.76720570e-02,\n",
       "        6.56049293e-01, 2.26784095e-01, 7.74074476e-01, 3.70580297e-02,\n",
       "        8.77042912e-01, 4.77736150e-02],\n",
       "       [1.16159673e-04, 9.38342390e-01, 2.28950781e-01, 7.74314440e-01,\n",
       "        2.33875267e-01, 6.31830747e-01, 6.35403147e-01, 6.65053678e-01,\n",
       "        2.56851275e-01, 9.91133851e-01],\n",
       "       [2.90002004e-01, 9.51004149e-01, 4.24495095e-01, 2.01036749e-01,\n",
       "        3.59749568e-01, 9.40775806e-01, 4.02934810e-01, 6.86910126e-01,\n",
       "        1.33528629e-01, 4.34927112e-01]])"
      ]
     },
     "execution_count": 31,
     "metadata": {},
     "output_type": "execute_result"
    }
   ],
   "source": [
    "#3.5: compute the matrix inverse of A\n",
    "np.linalg.inv(A)\n",
    "A\n",
    "np.linalg.inv(A)\n",
    "np.linalg.inv(A)\n",
    "np.linalg.inv(A)\n",
    "A"
   ]
  },
  {
   "cell_type": "code",
   "execution_count": 32,
   "metadata": {},
   "outputs": [],
   "source": [
    "#3.6: divide all entries of A which are lager than 0.5 by 2 (hint: use where() )"
   ]
  },
  {
   "cell_type": "code",
   "execution_count": 35,
   "metadata": {},
   "outputs": [
    {
     "data": {
      "text/plain": [
       "array([[0.07081915, 0.3711393 , 0.40960912, 0.21958727, 0.29739267,\n",
       "        0.46350916, 0.32516796, 0.32208577, 0.4236618 , 0.05234842],\n",
       "       [0.09399495, 0.36411004, 0.1985635 , 0.03439649, 0.42560178,\n",
       "        0.34173956, 0.44894713, 0.36168629, 0.33922183, 0.45772353],\n",
       "       [0.49510093, 0.19644402, 0.09855599, 0.19239616, 0.38947982,\n",
       "        0.25421533, 0.35974729, 0.37490011, 0.46001212, 0.37690898],\n",
       "       [0.41231614, 0.38179369, 0.14337831, 0.34002642, 0.44852259,\n",
       "        0.43440961, 0.33307643, 0.4912987 , 0.46823765, 0.42688495],\n",
       "       [0.48645499, 0.37750843, 0.07603892, 0.41666288, 0.34918902,\n",
       "        0.36714856, 0.38232356, 0.43952209, 0.37211991, 0.44297429],\n",
       "       [0.30813864, 0.02810618, 0.11209539, 0.12591966, 0.06903099,\n",
       "        0.22926783, 0.27252276, 0.41488198, 0.46819544, 0.26610008],\n",
       "       [0.30265136, 0.02473092, 0.2546684 , 0.30046691, 0.39939522,\n",
       "        0.4075119 , 0.25015711, 0.39596528, 0.27888582, 0.06486989],\n",
       "       [0.24168418, 0.11702078, 0.3029798 , 0.27109242, 0.14558584,\n",
       "        0.19313802, 0.29582069, 0.18266326, 0.32188244, 0.26853604],\n",
       "       [0.31784374, 0.03632705, 0.44140189, 0.3589717 , 0.46722745,\n",
       "        0.42632734, 0.02950003, 0.26102916, 0.33958175, 0.37101881],\n",
       "       [0.29750622, 0.34295611, 0.36394715, 0.26202428, 0.30874183,\n",
       "        0.30099708, 0.16569345, 0.35026227, 0.43886464, 0.44059236]])"
      ]
     },
     "execution_count": 35,
     "metadata": {},
     "output_type": "execute_result"
    }
   ],
   "source": [
    "b = np.where(A>0.5)\n",
    "A[b] = A[b]/2\n",
    "A"
   ]
  },
  {
   "cell_type": "code",
   "execution_count": null,
   "metadata": {},
   "outputs": [],
   "source": []
  }
 ],
 "metadata": {
  "kernelspec": {
   "display_name": "Python 3",
   "language": "python",
   "name": "python3"
  },
  "language_info": {
   "codemirror_mode": {
    "name": "ipython",
    "version": 3
   },
   "file_extension": ".py",
   "mimetype": "text/x-python",
   "name": "python",
   "nbconvert_exporter": "python",
   "pygments_lexer": "ipython3",
   "version": "3.7.6"
  }
 },
 "nbformat": 4,
 "nbformat_minor": 4
}
